2.469391880823051277e+00
2.393785319740369122e+00
-1.244577282433084076e+00
5.569174020486111765e-01
-2.168773526668267948e+00
-1.947030837587706342e+00
2.629809577401359899e+00
2.918634490428114514e+00
-9.615166619086649158e-01
1.772801138494839668e+00
-2.332033584629576328e+00
-3.881674407787910064e-01
-2.635190061787150206e+00
-1.453792517448644794e+00
-4.423549984646901190e-01
2.547760293941320420e+00
8.192106191351167244e-01
-5.343838782963388212e-01
-1.242112495820825169e+00
-5.707712258126819149e-01
-9.998386668600295346e-01
-2.645603546202209611e+00
-1.403619566786172834e+00
2.557154983700203332e-01
2.490805257476709222e+00
1.810055258053317351e+00
-9.137105049763534492e-02
1.690912842613866152e-01
-1.423572360158810012e-03
-2.724519126118068346e+00
-8.562806611713290605e-01
-2.946470156119944117e-01
2.415419963066123277e+00
1.835105842076088789e-01
8.537521805462601199e-01
1.694701216159187229e+00
