-2.287325478997705552e+00
-2.813914729795800262e+00
5.160755356196528032e-01
-1.447770367501583388e+00
1.428251694434800934e+00
-2.478846078778393025e+00
7.409662381573820511e-01
1.460932332026114278e+00
-1.098477042454790942e+00
-1.487046130840870450e+00
-2.139929901438874627e+00
9.600806661236384043e-01
1.639394375513601787e+00
-4.286786881820543738e-02
-2.646666674148141052e+00
-1.112146665339439178e+00
1.360850963380264123e+00
2.500889064647394466e+00
5.957221166093834563e-01
2.763477028022670368e+00
-5.022297232620872576e-01
-1.287382888845619355e+00
-2.897079326613479999e+00
2.236922664322457788e+00
-1.458403397683440517e+00
-2.332659058140842401e+00
2.345142211451203273e+00
5.428328027864031124e-01
-1.690204182914872622e+00
1.579376987298302115e+00
-4.729081378746079478e-01
-2.154086442463969409e+00
1.142150405906002364e+00
-2.382199524794722245e-01
-2.678849343895976176e+00
-1.804756328266731380e+00
